param#0 	 param#1 	 param#2 	 param#3 	 param#4 	 param#5 	 param#6 	 param#7 	 param#8 	 param#9 	 param#10 	 param#11 	 param#12 	 param#13 	 param#14 	 param#15 	 param#16 	 param#17 	 dist 	It 
1.80713759 	3.38981295 	0.26327610 	0.99695816 	0.22188483 	-1.36456770 	0.64884280 	0.93182063 	0.89436363 	0.83666445 	0.03097359 	0.26131999 	0.27465492 	0.70189620 	0.61298267 	0.01182148 	0.79687528 	0.38720359 	0.6000 	0 
1.85022120 	3.44550661 	1.38902015 	0.69914847 	0.79435497 	-1.75047787 	0.43087460 	0.80750532 	0.95629381 	0.64943547 	0.30494276 	0.23820581 	0.13382353 	0.35736244 	0.35177206 	0.00667207 	0.98008595 	0.61571652 	0.5804 	1 
1.96817628 	4.12567673 	1.20900400 	0.89706648 	0.64625185 	-1.38990993 	0.38865687 	0.68878172 	0.89362888 	0.93447199 	0.19969477 	0.87263549 	0.50524357 	0.44776529 	0.10729603 	0.00241567 	0.94578712 	0.87966039 	0.5615 	2 
2.83316799 	3.94080199 	1.16251688 	0.79275555 	0.56359126 	-1.84757466 	0.60799980 	0.42938286 	0.96732643 	0.90875856 	0.62757371 	1.06337609 	0.78215143 	0.33098680 	0.06303406 	0.00148296 	0.32034249 	0.76620717 	0.5432 	3 
3.40089385 	4.03169533 	1.28721836 	0.56290818 	0.15987403 	-1.80665206 	0.59441635 	0.32491728 	0.25166461 	0.92128931 	0.66465439 	1.01839144 	0.69226489 	0.68270665 	0.04934436 	0.00209626 	0.42770454 	0.97210511 	0.5254 	4 
3.53783533 	4.13349800 	1.32929310 	0.73924702 	0.05910176 	-1.70584225 	0.11092816 	0.14299316 	0.20099080 	0.93549855 	-0.19207943 	0.64051325 	0.64499115 	0.99719974 	0.05441991 	0.00094430 	0.46570778 	0.74715624 	0.5083 	5 
3.47674059 	4.18431577 	1.12695808 	0.91668427 	0.21258178 	-1.43382351 	0.55427540 	0.47018367 	0.66444099 	0.92970834 	0.04601828 	0.48593507 	0.76250140 	0.68150135 	0.06343459 	0.00034689 	0.36096886 	0.59958221 	0.4917 	6 
3.21865839 	4.12577300 	1.27202155 	0.75150355 	0.22698264 	-1.19067103 	0.65834794 	0.53573880 	0.49715771 	0.97223057 	-0.53053289 	0.67027109 	0.83347815 	0.61938407 	0.11769497 	0.00024316 	0.52983548 	0.29262253 	0.4756 	7 
3.16137642 	3.82492698 	0.96758286 	0.84274662 	0.48990778 	-1.22692979 	0.52913427 	0.51759992 	0.83535584 	0.98066479 	-0.44774987 	0.12744979 	0.80311710 	0.71237766 	0.06455150 	0.00019133 	0.58268122 	0.00501994 	0.4601 	8 
3.26599465 	3.59414416 	0.84751173 	0.64706518 	0.67880174 	-1.21076320 	0.58417401 	0.87563039 	0.54701092 	0.98465644 	-0.78112678 	0.03136715 	0.70558983 	0.73508585 	0.00589332 	0.00043342 	0.40697841 	0.08374969 	0.4451 	9 
3.43668997 	3.85499451 	0.84594373 	0.17323987 	0.98094114 	-1.04595993 	0.54118922 	0.40686732 	0.39184760 	0.83293123 	-1.01217885 	0.22211061 	0.42316215 	0.72467515 	0.19503372 	0.00078194 	0.53342693 	0.47168855 	0.4306 	10 
3.88974955 	3.62319293 	0.50402928 	0.59329276 	0.69018927 	-1.16965437 	0.47749659 	0.41383829 	0.75083402 	0.93655595 	-1.09603635 	0.54014428 	0.28007882 	0.51353499 	0.10693122 	0.00023653 	0.78661257 	0.88341776 	0.4165 	11 
3.76125113 	3.51341598 	0.52515754 	0.70831629 	0.73803447 	-1.33143022 	0.30934531 	0.57854648 	0.98548099 	0.94055776 	-0.92012013 	0.55309670 	0.59839711 	0.50998630 	0.48602556 	0.00020636 	0.78691872 	0.89648214 	0.4029 	12 
3.70660604 	3.72277675 	0.37093338 	0.51445083 	0.79576888 	-1.28962508 	0.23690544 	0.38317907 	0.84708445 	0.93862861 	-0.81482387 	0.28762996 	0.38432722 	0.66791781 	0.16246527 	0.00019347 	0.75021893 	0.96622261 	0.3898 	13 
3.99396951 	3.39775576 	0.30950929 	0.62475964 	0.59929112 	-1.12901686 	0.39210124 	0.49829074 	0.74914711 	0.92196083 	-0.95772012 	0.07627232 	0.74597021 	0.99403024 	0.15442823 	0.00032753 	0.70740580 	0.87678908 	0.3771 	14 
4.23318019 	3.54799217 	0.54638462 	0.65445677 	0.79713280 	-1.08092724 	0.63667599 	0.43626103 	0.73865697 	0.82394426 	-1.11623175 	0.02415257 	0.35611375 	0.85632250 	0.25553682 	0.00027684 	0.47743213 	0.77201163 	0.3648 	15 
4.37779170 	3.54916738 	0.64952674 	0.48149324 	0.48917465 	-0.87260001 	0.43851287 	0.72133007 	0.98976424 	0.97164704 	-1.05052257 	-0.13285267 	0.62524539 	0.76806198 	0.02198381 	0.00018834 	0.46414294 	0.73814185 	0.3528 	16 
4.48773656 	3.60540389 	1.03646335 	0.47314061 	0.92706279 	-0.85095656 	0.64177516 	0.76101577 	0.96943523 	0.86247666 	-1.34554587 	-0.23720552 	0.26602454 	0.72578787 	0.41100452 	0.00021996 	0.57187025 	0.77103374 	0.3413 	17 
3.86225042 	3.61672691 	0.99477364 	0.32206116 	0.74427898 	-0.29408782 	0.88747483 	0.92212515 	0.98209312 	0.94746271 	-1.50243277 	-0.31834330 	0.28104784 	0.89627158 	0.47927277 	0.00030961 	0.70641352 	0.45191973 	0.3302 	18 
3.81495164 	3.54777183 	0.97221681 	0.02438622 	0.76005423 	-0.12773871 	0.83531450 	0.99889706 	0.98241729 	0.95409918 	-1.66768564 	-0.46759616 	0.28793197 	0.95532019 	0.24434288 	0.00032646 	0.78914283 	0.41132700 	0.3194 	19 
3.81189538 	3.34364927 	0.95700556 	0.12069389 	0.98697235 	-0.32635168 	0.71238406 	0.89292545 	0.99178913 	0.81709460 	-1.77195606 	-0.22415494 	0.29584621 	0.68216929 	0.34213171 	0.00030910 	0.73723552 	0.69453580 	0.3090 	20 
3.89785153 	3.44010884 	1.09570008 	0.23454105 	0.72146996 	-0.45790657 	0.75307692 	0.86479192 	0.99563860 	0.79499119 	-1.55643091 	-0.22040658 	0.32031768 	0.74519542 	0.52859769 	0.00033514 	0.77440718 	0.68018601 	0.2989 	21 
3.85976569 	3.46776361 	1.06730201 	0.14545757 	0.54098173 	-0.41812566 	0.90576812 	0.78979061 	0.98907180 	0.98134581 	-1.51161194 	-0.29718398 	0.47507987 	0.80352405 	0.43039026 	0.00035619 	0.53644803 	0.63267556 	0.2892 	22 
3.96810136 	3.47930345 	1.28854340 	0.17971526 	0.56862136 	-0.37736901 	0.93961164 	0.64881596 	0.99792148 	0.97296404 	-1.53926277 	-0.27748196 	0.40055127 	0.96568575 	0.37596518 	0.00049815 	0.69747486 	0.76059185 	0.2797 	23 
3.98584880 	3.43976267 	1.43196175 	0.00828313 	0.50937183 	-0.23780820 	0.83301259 	0.57906337 	0.99941961 	0.97268387 	-1.65515961 	-0.22121826 	0.39422169 	0.91718612 	0.43232941 	0.00045489 	0.73495663 	0.65727600 	0.2706 	24 
4.04317759 	3.26136659 	1.52709643 	0.03932432 	0.59434597 	-0.29832188 	0.94325590 	0.57292630 	0.99857800 	0.86284871 	-1.77711284 	-0.14366532 	0.42344515 	0.97575157 	0.42388858 	0.00052231 	0.90425792 	0.70954207 	0.2618 	25 
4.00834915 	3.42670462 	1.61877428 	0.01418093 	0.44116162 	-0.35432338 	0.90811140 	0.72089946 	0.99528066 	0.80221839 	-1.78919793 	-0.11432390 	0.39503363 	0.93203596 	0.40441899 	0.00058138 	0.91065354 	0.61141203 	0.2532 	26 
4.20287201 	3.45509871 	1.94935170 	0.01407975 	0.38963702 	-0.40139876 	0.94957567 	0.63505158 	0.98773787 	0.80774816 	-1.82830323 	0.01753483 	0.47414370 	0.91585073 	0.49713935 	0.00055708 	0.98418413 	0.62562833 	0.2449 	27 
4.15014169 	3.48461231 	2.01976138 	0.06727003 	0.42895392 	-0.39021487 	0.92484725 	0.66249837 	0.98653643 	0.76598845 	-1.90633673 	0.09608736 	0.46256658 	0.91564449 	0.40580325 	0.00052717 	0.93012669 	0.53541708 	0.2370 	28 
3.91756851 	3.65925254 	2.10399693 	0.18498801 	0.27621448 	-0.50755761 	0.93153855 	0.61024017 	0.98714996 	0.69471245 	-1.87063022 	0.10480223 	0.54659876 	0.86207446 	0.46197790 	0.00038587 	0.88623482 	0.58830908 	0.2292 	29 
3.85625404 	3.50331482 	2.13015244 	0.27036043 	0.23201994 	-0.44188499 	0.87243314 	0.55496519 	0.99910361 	0.73676285 	-1.81467272 	0.06997084 	0.65787305 	0.95100364 	0.28647156 	0.00045875 	0.75197909 	0.58141421 	0.2217 	30 
3.88170256 	3.61661836 	2.23004867 	0.29322082 	0.16517947 	-0.62718829 	0.84819983 	0.56635088 	0.99968605 	0.71721088 	-1.69999895 	0.03621262 	0.76943944 	0.82420471 	0.16525129 	0.00046795 	0.71101839 	0.63674535 	0.2145 	31 
3.85663012 	3.56948306 	2.13478286 	0.24507170 	0.13896580 	-0.64835687 	0.92385204 	0.46682270 	0.99990455 	0.62607972 	-1.66046606 	0.00893423 	0.89958981 	0.76777384 	0.32436279 	0.00040094 	0.72976341 	0.58767240 	0.2075 	32 
3.79964464 	3.57067234 	2.03928082 	0.23631875 	0.17202674 	-0.67134132 	0.82708372 	0.50072863 	0.99091914 	0.63607898 	-1.58880935 	0.11185456 	0.80358333 	0.81141203 	0.28761292 	0.00038259 	0.68434105 	0.70026862 	0.2007 	33 
3.78790275 	3.55759120 	1.95930752 	0.29314650 	0.22816999 	-0.64255960 	0.82282255 	0.52211875 	0.98980568 	0.73661194 	-1.63786519 	0.15058884 	0.81842503 	0.85436544 	0.33937124 	0.00039683 	0.69162674 	0.59436421 	0.1942 	34 
3.72202289 	3.57839601 	1.93519832 	0.34834701 	0.20372409 	-0.70238027 	0.91504111 	0.59238642 	0.98748737 	0.71637995 	-1.62783348 	0.09335527 	0.85079802 	0.88891262 	0.26273807 	0.00046091 	0.70463978 	0.59899368 	0.1878 	35 
3.79626074 	3.54138327 	1.91403458 	0.36573863 	0.27492581 	-0.74676597 	0.92404956 	0.65781030 	0.99287195 	0.76069419 	-1.64200542 	0.13663011 	0.87525875 	0.86237455 	0.23430028 	0.00059187 	0.70118027 	0.64449321 	0.1817 	36 
3.81498077 	3.52660346 	1.98915144 	0.41779200 	0.25249435 	-0.74858627 	0.94222261 	0.66719186 	0.99174200 	0.79757839 	-1.56945410 	0.23275458 	0.82637528 	0.85253713 	0.27069952 	0.00061615 	0.78194764 	0.64752143 	0.1758 	37 
