param#0 	 param#1 	 param#2 	 param#3 	 param#4 	 param#5 	 param#6 	 param#7 	 param#8 	 param#9 	 param#10 	 param#11 	 param#12 	 param#13 	 param#14 	 param#15 	 param#16 	 param#17 	 dist 	It 
1.03031626 	0.68363488 	1.68003921 	0.01143413 	0.83475029 	-0.35918595 	0.75951707 	0.89681925 	0.93072813 	0.78604769 	-0.38688070 	-2.56909718 	0.21959430 	0.97003681 	0.62428584 	0.00084526 	0.47436529 	0.87148314 	0.6000 	0 
1.29060215 	1.84503390 	1.50996946 	0.71722437 	0.96752543 	-0.27921221 	0.97398370 	0.93681825 	0.78399188 	0.82516683 	-0.62377767 	-2.62303813 	0.77187421 	0.60298738 	0.49638667 	0.00161048 	0.93401937 	0.29980119 	0.5804 	1 
0.88219408 	2.35770648 	1.40791111 	0.16308950 	0.80211275 	-0.33147760 	0.96730318 	0.25962540 	0.99756994 	0.53951703 	-1.24758463 	-1.82040155 	0.73774389 	0.01647417 	0.32770567 	0.00389529 	0.88140812 	0.14935920 	0.5615 	2 
0.99327017 	2.52882454 	1.69556034 	0.39415905 	0.70913620 	-0.75811796 	0.82944470 	0.53366920 	0.99867317 	0.48277200 	-1.34750519 	-1.48701836 	0.33826203 	0.01748757 	0.19158535 	0.00728162 	0.32100032 	0.29073469 	0.5432 	3 
0.50335372 	2.64416688 	2.64207175 	0.57574127 	0.16464252 	-1.22759692 	0.54054342 	0.53016089 	0.99422070 	0.62070002 	-1.41509240 	-2.16714270 	0.18425160 	0.68747352 	0.41358468 	0.00527917 	0.73610961 	0.10666871 	0.5254 	4 
0.71469142 	3.27904829 	2.10863991 	0.40214281 	0.31433268 	-1.33379680 	0.67349407 	0.12172825 	0.99966794 	0.64236176 	-1.74440737 	-2.19555274 	0.18306483 	0.55148085 	0.49547926 	0.00705822 	0.54574569 	0.31045122 	0.5083 	5 
0.58946572 	3.48684829 	1.89940922 	0.67761767 	0.24798937 	-1.89728005 	0.42838336 	0.41994359 	0.99960721 	0.37219642 	-2.20234548 	-1.92943660 	0.47940719 	0.53943675 	0.88129145 	0.00506755 	0.61619143 	0.81910020 	0.4917 	6 
0.81887503 	3.69212735 	1.93123833 	0.17004093 	0.50020657 	-1.84282990 	0.27637694 	0.38262204 	0.98866622 	0.65408306 	-2.24563502 	-2.09887928 	0.25453330 	0.58544351 	0.84007894 	0.00158012 	0.71113712 	0.75964126 	0.4756 	7 
1.13589481 	3.27098875 	2.08658666 	0.65164103 	0.38554441 	-1.64132990 	0.07509504 	0.58263988 	0.99552272 	0.84049870 	-2.78545395 	-1.96523992 	0.38414292 	0.47452523 	0.53457144 	0.00085466 	0.76129814 	0.88314476 	0.4601 	8 
0.62783505 	3.56093837 	2.08365020 	0.73797252 	0.59808410 	-1.38496139 	0.11629310 	0.62662583 	0.99814149 	0.64748207 	-2.80326494 	-1.67301002 	0.34203841 	0.61200201 	0.56605536 	0.00132374 	0.80542815 	0.77589381 	0.4451 	9 
0.83032448 	3.46761008 	2.06327579 	0.35239057 	0.59041011 	-0.69579647 	0.13343936 	0.32680802 	0.99183451 	0.83746330 	-3.00118875 	-1.91318489 	0.58849838 	0.31134348 	0.60333219 	0.00058689 	0.67782214 	0.88922822 	0.4306 	10 
1.12898292 	3.36243093 	2.36495574 	0.05534459 	0.45256681 	-0.72321361 	0.12815377 	0.37350460 	0.99440550 	0.77946314 	-2.69274240 	-2.19703583 	0.53747360 	0.40775734 	0.75275924 	0.00148797 	0.59266823 	0.82595460 	0.4165 	11 
0.99672094 	3.61704764 	2.25225437 	0.12061232 	0.36834756 	-1.11983971 	0.11097058 	0.54577796 	0.99695423 	0.73543713 	-3.00737633 	-1.78592242 	0.44908192 	0.34668853 	0.76255747 	0.00127146 	0.50829326 	0.61043337 	0.4029 	12 
0.99141758 	3.75283017 	1.98095777 	0.01945122 	0.03155788 	-1.36412017 	0.20313776 	0.80714232 	0.98949621 	0.63306093 	-2.81283677 	-1.91812141 	0.12924384 	0.26944736 	0.56810498 	0.00089415 	0.32126149 	0.78350881 	0.3898 	13 
0.94179006 	3.62726409 	1.79584176 	0.04425107 	0.10156616 	-1.57388750 	0.15805686 	0.64652565 	0.99256116 	0.69517361 	-2.70294537 	-1.67991275 	0.18960853 	0.29845263 	0.60404633 	0.00093055 	0.12737346 	0.78460837 	0.3771 	14 
0.77952119 	3.72745521 	2.02500692 	0.09483093 	0.20888541 	-1.48367290 	0.08923115 	0.51015366 	0.99753549 	0.69535626 	-2.89905452 	-1.41334540 	0.08438539 	0.88930685 	0.69719261 	0.00118483 	0.15974302 	0.85099606 	0.3648 	15 
0.72382468 	3.72807151 	1.88673344 	0.06703871 	0.42044906 	-1.66317648 	0.11805069 	0.37979086 	0.99869123 	0.66576009 	-3.14326478 	-1.47023441 	0.22318951 	0.99492662 	0.55398147 	0.00074361 	0.13698545 	0.76499692 	0.3528 	16 
0.69523816 	3.83856101 	2.10625409 	0.05614196 	0.50874911 	-1.79559537 	0.20874449 	0.33314767 	0.98988771 	0.77369102 	-3.14005115 	-1.67939654 	0.08874225 	0.56921826 	0.54516974 	0.00061246 	0.21461014 	0.71726694 	0.3413 	17 
0.69234887 	3.96508308 	2.22415374 	0.04302736 	0.43155208 	-1.82952087 	0.09187874 	0.39913065 	0.99559719 	0.81521237 	-3.14863441 	-1.40117110 	0.17353501 	0.62983849 	0.43396569 	0.00073188 	0.11506876 	0.38384714 	0.3302 	18 
0.87708321 	3.76944435 	2.38637722 	0.00020655 	0.30327097 	-1.83580337 	0.10152398 	0.43036045 	0.99962268 	0.58827123 	-2.96189794 	-1.58099314 	0.11702162 	0.55564934 	0.52773052 	0.00053063 	0.15729135 	0.52947876 	0.3194 	19 
0.80344117 	3.92223008 	2.28210351 	0.05358507 	0.21199307 	-1.82872160 	0.07961617 	0.61211885 	0.99991977 	0.60857950 	-2.94801010 	-1.71524394 	0.08847132 	0.40035570 	0.52841570 	0.00081374 	0.22423369 	0.54428131 	0.3090 	20 
0.73419831 	3.92400814 	2.44401469 	0.07618582 	0.13233198 	-1.88122457 	0.13249926 	0.66628110 	0.99501848 	0.60876306 	-2.84613723 	-1.68225839 	0.00164143 	0.36196999 	0.65990234 	0.00086738 	0.18596534 	0.57055820 	0.2989 	21 
0.60882171 	3.73303566 	2.66093676 	0.03306452 	0.07365837 	-2.02696838 	0.09140128 	0.49205484 	0.99557178 	0.60639747 	-2.74608605 	-1.71528272 	0.00594220 	0.38974440 	0.75941610 	0.00062562 	0.26496095 	0.57589092 	0.2892 	22 
0.58069710 	3.69886146 	2.71198610 	0.15939368 	0.17856748 	-2.08128211 	0.13605649 	0.48114843 	0.99798849 	0.60182969 	-2.91539089 	-1.60553849 	0.07906575 	0.22276940 	0.61925329 	0.00057441 	0.15462338 	0.55499858 	0.2797 	23 
0.66680873 	3.73191816 	2.63463760 	0.14594856 	0.29168955 	-2.04222243 	0.10322109 	0.38998422 	0.99791785 	0.62044924 	-2.89109507 	-1.59523493 	0.05264720 	0.23339624 	0.65395628 	0.00063775 	0.18981793 	0.58551280 	0.2706 	24 
0.94790420 	3.71883771 	2.53925402 	0.04862878 	0.42755161 	-2.00943994 	0.08982121 	0.31575120 	0.99900002 	0.63685925 	-2.88057859 	-1.63423047 	0.20553933 	0.23616373 	0.68514116 	0.00055008 	0.09225691 	0.63026791 	0.2618 	25 
0.91458263 	3.80391071 	2.57253869 	0.04377998 	0.43421647 	-2.04118754 	0.11358247 	0.31831270 	0.99972986 	0.66954453 	-3.05968423 	-1.62653508 	0.28258411 	0.34050074 	0.62876995 	0.00056217 	0.19509229 	0.61297952 	0.2532 	26 
1.00268154 	3.76854485 	2.47775666 	0.04995382 	0.39975286 	-1.99367183 	0.17256343 	0.36427552 	0.99726465 	0.62886967 	-2.90764808 	-1.64536453 	0.23313841 	0.40356228 	0.70090806 	0.00078261 	0.25401795 	0.66317212 	0.2449 	27 
0.87960284 	3.66245702 	2.51048510 	0.04055554 	0.39771537 	-2.00230381 	0.16632141 	0.33173694 	0.99943469 	0.54608068 	-2.98581594 	-1.73943872 	0.17877690 	0.38907383 	0.71584263 	0.00068888 	0.27384202 	0.65850343 	0.2370 	28 
0.90002783 	3.56310294 	2.45971614 	0.02640341 	0.47864580 	-2.02255638 	0.21039630 	0.36463998 	0.99899094 	0.60092980 	-2.88769827 	-1.68759143 	0.18332316 	0.32277647 	0.65480059 	0.00094109 	0.23509897 	0.63779260 	0.2292 	29 
0.92422336 	3.53322188 	2.44215879 	0.08179133 	0.51581252 	-2.06699569 	0.15495707 	0.37789138 	0.99848557 	0.62901873 	-2.87130769 	-1.65357368 	0.25812127 	0.37209966 	0.78093523 	0.00081672 	0.26642180 	0.69323427 	0.2217 	30 
1.05018588 	3.51371160 	2.40933901 	0.07520777 	0.47331450 	-1.99341386 	0.07643633 	0.42085214 	0.99892059 	0.63451120 	-2.85136624 	-1.60501868 	0.19878705 	0.42892382 	0.65132732 	0.00083248 	0.36707594 	0.66072003 	0.2145 	31 
1.06158074 	3.54882565 	2.40585254 	0.07768578 	0.49621653 	-2.03443603 	0.10285796 	0.34124576 	0.99717899 	0.64001231 	-2.76398985 	-1.59898816 	0.23259704 	0.53267829 	0.67482431 	0.00084354 	0.33059615 	0.62418737 	0.2075 	32 
0.89493115 	3.30678828 	2.44620259 	0.24018065 	0.40743828 	-1.68019964 	0.08252416 	0.30820238 	0.99965287 	0.65112244 	-2.65806030 	-1.60224161 	0.22057986 	0.42010048 	0.59745775 	0.00092718 	0.48581694 	0.86980809 	0.2007 	33 
0.77916795 	3.33040706 	2.61952297 	0.26322120 	0.67338931 	-1.62127411 	0.19806379 	0.36764804 	0.99157799 	0.62884122 	-2.53382732 	-1.65733256 	0.10578506 	0.39032200 	0.49067231 	0.00128384 	0.55268127 	0.85177907 	0.1942 	34 
0.81381386 	3.40696286 	2.69639631 	0.36888543 	0.72878458 	-1.84185724 	0.11158437 	0.32147222 	0.99784273 	0.68051202 	-2.48223076 	-1.74921263 	0.22663281 	0.24846996 	0.48466397 	0.00115129 	0.35867132 	0.90236952 	0.1878 	35 
0.77667131 	3.57684336 	2.84068264 	0.33620730 	0.92679648 	-2.20356211 	0.12410568 	0.32268343 	0.99782720 	0.69880120 	-2.57591195 	-1.91351407 	0.16250294 	0.34002073 	0.55267293 	0.00069708 	0.47510742 	0.88632954 	0.1817 	36 
0.82854492 	3.57597183 	2.79868080 	0.40754696 	0.75073507 	-2.06648536 	0.10215727 	0.41181393 	0.99932765 	0.63809617 	-2.56611755 	-2.09354128 	0.29950714 	0.38655584 	0.71123610 	0.00060002 	0.31793064 	0.83559481 	0.1758 	37 
0.90659106 	3.39859091 	2.81034680 	0.34036894 	0.77894292 	-2.21052024 	0.16674403 	0.40047954 	0.99806885 	0.67164100 	-2.71126647 	-2.19334099 	0.39313255 	0.42233189 	0.63581594 	0.00058167 	0.17494457 	0.88750054 	0.1700 	38 
0.95648460 	3.31432941 	2.93498367 	0.49543707 	0.74904694 	-2.39200487 	0.10913377 	0.44279211 	0.99993384 	0.60891113 	-2.66903978 	-2.15529237 	0.22401898 	0.22416923 	0.65520821 	0.00046160 	0.16828007 	0.78145484 	0.1645 	39 
1.04113385 	3.29512336 	2.81923598 	0.42023949 	0.67464942 	-2.48002314 	0.11545494 	0.51615138 	0.99960693 	0.59942400 	-2.58737875 	-2.07106895 	0.01651447 	0.26954776 	0.67776919 	0.00038153 	0.13465663 	0.81666580 	0.1591 	40 
1.06641630 	3.33405063 	2.88672807 	0.58958277 	0.54669016 	-2.41449100 	0.21486731 	0.64383945 	0.99667709 	0.43543582 	-2.60104911 	-2.10258189 	0.13734417 	0.36623347 	0.56483317 	0.00038040 	0.33533294 	0.87307754 	0.1539 	41 
1.12476605 	3.26772011 	2.75722775 	0.57594975 	0.45922010 	-2.29343066 	0.14156818 	0.66277537 	0.99996042 	0.43127742 	-2.49936813 	-2.07038932 	0.26174728 	0.28785000 	0.54967126 	0.00029674 	0.44108982 	0.91090499 	0.1489 	42 
