param#0 	 param#1 	 param#2 	 param#3 	 param#4 	 param#5 	 param#6 	 param#7 	 param#8 	 param#9 	 param#10 	 param#11 	 param#12 	 param#13 	 param#14 	 param#15 	 param#16 	 param#17 	 dist 	It 
0.24524034 	3.11152309 	0.54908277 	0.99117206 	0.01469907 	-0.58558657 	0.59189227 	0.52367618 	0.69373481 	0.74426880 	-2.11296805 	-0.46476963 	0.77505207 	0.35526933 	0.71444305 	0.05592460 	0.11905099 	0.18102980 	0.6000 	0 
0.24207098 	2.88244913 	0.56997075 	0.96960475 	0.11504808 	-0.35760610 	0.79450769 	0.38053750 	0.12191335 	0.62555288 	-1.14863502 	-1.45629922 	0.56701201 	0.28828478 	0.38414253 	0.02615340 	0.40790545 	0.15603797 	0.5804 	1 
0.49503262 	2.97122432 	0.03418934 	0.56354710 	0.27911434 	-0.04399526 	0.81777245 	0.60580638 	0.14703159 	0.75317511 	-1.07947916 	-1.08293436 	0.51635875 	0.10790485 	0.20160455 	0.01199852 	0.03643268 	0.04443640 	0.5615 	2 
1.36109668 	2.80002244 	0.41690378 	0.13600025 	0.11467390 	-0.84498118 	0.56118119 	0.63518623 	0.03032401 	0.89393346 	-1.06321738 	-0.62232336 	0.20773748 	0.10492504 	0.31311841 	0.01322276 	0.02704106 	0.01698370 	0.5432 	3 
1.24805551 	2.64874696 	0.49179514 	0.06972498 	0.45756978 	-0.66537358 	0.21344928 	0.20614454 	0.39579951 	0.90262229 	-1.40016242 	-0.58882508 	0.48285151 	0.16394696 	0.24173231 	0.00496100 	0.45444273 	0.12172352 	0.5254 	4 
1.75419187 	2.77786819 	0.35177408 	0.05018614 	0.22709952 	-1.10215372 	0.38178233 	0.07195804 	0.42448074 	0.92241401 	-1.04654628 	-0.85004371 	0.95634985 	0.22364944 	0.63478175 	0.00197262 	0.48895123 	0.12604933 	0.5083 	5 
1.68640270 	2.78819372 	0.84637782 	0.33326366 	0.67887132 	-1.06459832 	0.49089940 	0.30576465 	0.42784810 	0.70799771 	-1.10482923 	-1.54489145 	0.52427532 	0.30604991 	0.50679995 	0.00200951 	0.42058995 	0.49550185 	0.4917 	6 
1.79725996 	2.54887950 	0.65028818 	0.10397686 	0.59528862 	-0.51850798 	0.64160999 	0.11066381 	0.24706836 	0.84447738 	-1.87298140 	-1.52005402 	0.12722466 	0.36427528 	0.63955845 	0.00283969 	0.63185246 	0.63529979 	0.4756 	7 
1.57434281 	2.33674528 	0.57298421 	0.04030640 	0.72707434 	-0.14742083 	0.83281937 	0.40792744 	0.15723210 	0.95421137 	-1.97426547 	-1.56762159 	0.10615605 	0.64768165 	0.60789821 	0.00136209 	0.41261292 	0.33009147 	0.4601 	8 
1.90291767 	2.32842903 	0.63907062 	0.36469226 	0.40265572 	0.09188773 	0.88028193 	0.44805780 	0.57328293 	0.86095269 	-1.71468702 	-1.40831518 	0.10962834 	0.92524430 	0.37970517 	0.00071468 	0.26542872 	0.32839225 	0.4451 	9 
2.11230781 	2.47165575 	0.38616265 	0.02322226 	0.36279226 	-0.09324921 	0.74280441 	0.66584641 	0.76609290 	0.65953630 	-1.58386813 	-1.51929852 	0.20439862 	0.81246142 	0.11701748 	0.00036615 	0.08102226 	0.61255762 	0.4306 	10 
2.19044994 	2.34843094 	0.39759986 	0.38872500 	0.37069994 	0.02384363 	0.51851251 	0.53078500 	0.61856011 	0.66498087 	-1.43929518 	-1.03248011 	0.48028722 	0.18042619 	0.19146269 	0.00018421 	0.14603423 	0.95589954 	0.4165 	11 
2.49358045 	2.69145687 	0.66541572 	0.25811891 	0.33452842 	0.49843508 	0.40383452 	0.71504679 	0.42524250 	0.48018912 	-1.52831180 	-1.32550790 	0.19808293 	0.67080052 	0.37472183 	0.00017114 	0.40624932 	0.68866590 	0.4029 	12 
2.59142413 	2.67708906 	0.93099528 	0.10482166 	0.53048762 	0.42796410 	0.09623444 	0.88755366 	0.66736940 	0.92207775 	-1.89124509 	-1.27413264 	0.65738966 	0.50516075 	0.34574194 	0.00011326 	0.18984056 	0.94959305 	0.3898 	13 
2.67006935 	2.79762570 	1.00449033 	0.24772459 	0.71084660 	0.25538401 	0.00883493 	0.95267856 	0.48188790 	0.80064835 	-1.83003925 	-1.26638200 	0.86859496 	0.11295060 	0.00098470 	0.00004228 	0.01425154 	0.87280867 	0.3771 	14 
2.82901898 	2.85980801 	1.28769968 	0.61766758 	0.83903398 	0.37529099 	0.08055119 	0.79772190 	0.41324151 	0.58515774 	-1.83615313 	-1.25777039 	0.86375868 	0.17173753 	0.18092544 	0.00002736 	0.21835715 	0.87832815 	0.3648 	15 
2.90014415 	2.57931792 	1.37681334 	0.41725279 	0.71997801 	0.35107505 	0.17206316 	0.87616815 	0.33749839 	0.58227486 	-2.05889959 	-1.20183412 	0.75815320 	0.00200552 	0.00994264 	0.00003204 	0.31617999 	0.61490742 	0.3528 	16 
3.21392907 	2.55177100 	1.56717066 	0.46753060 	0.63015331 	0.42831948 	0.36060120 	0.99807385 	0.63160449 	0.59827061 	-1.97053866 	-1.32313825 	0.64796497 	0.02340602 	0.07150829 	0.00001192 	0.14811627 	0.50932383 	0.3413 	17 
3.16861270 	2.43433581 	1.63659615 	0.70499139 	0.71774079 	0.28161309 	0.16416485 	0.92317334 	0.25494930 	0.47320309 	-1.91622051 	-1.58736761 	0.72400965 	0.25337236 	0.02086466 	0.00000677 	0.26092361 	0.61025536 	0.3302 	18 
3.20032395 	2.51936369 	1.70384762 	0.97648135 	0.47435237 	0.19174719 	0.20785547 	0.82372800 	0.32716353 	0.62389880 	-2.05585377 	-1.65858125 	0.93510694 	0.10204142 	0.12476291 	0.00000671 	0.50504434 	0.67038739 	0.3194 	19 
3.37577405 	2.36396122 	1.87235748 	0.69418057 	0.66349766 	-0.01678465 	0.59011557 	0.61985719 	0.44090631 	0.59174568 	-1.97593464 	-1.66139424 	0.94184448 	0.27637819 	0.16398084 	0.00000758 	0.27831124 	0.72031335 	0.3090 	20 
3.12721513 	2.45231028 	2.02070969 	0.56224518 	0.55891140 	-0.05393560 	0.57457548 	0.63927393 	0.30220127 	0.66287731 	-2.05648859 	-1.67630515 	0.94678870 	0.58723764 	0.40434762 	0.00010988 	0.38388985 	0.22204796 	0.2989 	21 
