param#0 	 param#1 	 param#2 	 param#3 	 param#4 	 param#5 	 param#6 	 param#7 	 param#8 	 param#9 	 param#10 	 param#11 	 param#12 	 param#13 	 param#14 	 param#15 	 param#16 	 param#17 	 dist 	It 
0.98437240 	1.55638438 	0.32153042 	0.22033828 	0.72292861 	-0.61758130 	0.93187347 	0.76456539 	0.66523331 	0.89163819 	1.10444999 	0.23736626 	0.58557828 	0.93035726 	0.95016264 	0.06960399 	0.65868618 	0.03607022 	0.6000 	0 
1.36170169 	2.42624002 	0.30304562 	0.37539686 	0.97654354 	0.02070764 	0.83161317 	0.21217245 	0.03608120 	0.75050310 	0.68576904 	1.03102182 	0.71388034 	0.94514852 	0.35068591 	0.11756271 	0.91359892 	0.50583026 	0.5804 	1 
1.09774468 	2.36440990 	0.25046907 	0.87601180 	0.54761497 	0.44110194 	0.68142191 	0.39486899 	0.12518250 	0.78197107 	1.27984258 	0.99680538 	0.38891244 	0.98621186 	0.27162194 	0.43607963 	0.59857745 	0.87432036 	0.5615 	2 
1.02356469 	2.62202048 	1.49450327 	0.77848381 	0.03462044 	0.55719305 	0.18004452 	0.47886561 	0.48068851 	0.79470326 	1.20530857 	0.94551121 	0.20600864 	0.82213630 	0.71322774 	0.53182921 	0.50065065 	0.65043653 	0.5432 	3 
0.81779674 	2.43434124 	1.10613620 	0.80824457 	0.34024830 	0.16599736 	0.49486999 	0.26831514 	0.39913434 	0.75525167 	1.96072243 	0.85096742 	0.00930822 	0.94474098 	0.11951879 	0.39809377 	0.54899959 	0.47316308 	0.5254 	4 
0.83029622 	2.47169009 	1.62267469 	0.56367083 	0.05496739 	0.16073327 	0.51926126 	0.27948897 	0.71896927 	0.90449984 	2.47989592 	0.72621798 	0.54357406 	0.65133048 	0.02531408 	0.50514464 	0.37617187 	0.14224291 	0.5083 	5 
0.74178140 	2.64236888 	2.32075362 	0.90326854 	0.46674430 	-0.25340967 	0.13746289 	0.85683490 	0.35222902 	0.82391675 	2.59595066 	0.81650871 	0.81461013 	0.44865189 	0.71072217 	0.56032527 	0.36836156 	0.54153270 	0.4917 	6 
0.38030109 	2.39581459 	1.99304828 	0.41256926 	0.31826001 	-0.08528147 	0.55193516 	0.43834275 	0.78272627 	0.99683758 	3.15388244 	0.68619726 	0.93400868 	0.48827425 	0.87419973 	0.52768963 	0.48857597 	0.28281249 	0.4756 	7 
0.61755510 	1.65937522 	1.52371731 	0.89699827 	0.32211931 	0.16261018 	0.97055770 	0.45046573 	0.45184825 	0.84972509 	2.34666314 	0.97610147 	0.50733536 	0.52655363 	0.46027343 	0.47917146 	0.78528641 	0.17360869 	0.4601 	8 
0.67791380 	1.39234927 	1.16905355 	0.56546930 	0.54647231 	-0.70500960 	0.66079869 	0.79374468 	0.32162807 	0.90122177 	2.67051269 	1.41964895 	0.54184067 	0.34099347 	0.39303509 	0.53403103 	0.70968866 	0.18902071 	0.4451 	9 
0.35170866 	1.42937783 	0.87610296 	0.69546801 	0.50368008 	-0.51969592 	0.75240442 	0.95550508 	0.90608810 	0.91002732 	2.86499782 	1.74197876 	0.65318416 	0.39683810 	0.56899027 	0.32716353 	0.38562665 	0.30318678 	0.4306 	10 
0.48393730 	1.40209230 	0.44341684 	0.44055615 	0.11641013 	-0.44568665 	0.93697481 	0.96638040 	0.95370362 	0.97707900 	3.12470492 	1.82073690 	0.36597875 	0.46150116 	0.32187363 	0.11620661 	0.99973958 	0.17341371 	0.4165 	11 
0.48603534 	1.24842101 	0.22215013 	0.18351127 	0.16745084 	-0.08459753 	0.72276084 	0.79789920 	0.58148405 	0.99507105 	2.86495493 	1.34513829 	0.72928354 	0.34153892 	0.44678234 	0.09620636 	0.79252311 	0.33516389 	0.4029 	12 
0.43241683 	1.34577497 	0.43142534 	0.11125910 	0.13078858 	0.14993081 	0.42907958 	0.75245954 	0.95494734 	0.99608372 	2.88886612 	1.31694584 	0.81459756 	0.34935896 	0.62890061 	0.10525228 	0.93394753 	0.14836054 	0.3898 	13 
0.39175994 	1.46361310 	0.22274498 	0.18313219 	0.22272184 	0.15793884 	0.23129454 	0.84255905 	0.57152568 	0.98213754 	2.90097679 	1.41248164 	0.60573625 	0.43873128 	0.35152528 	0.12778879 	0.94847092 	0.01619396 	0.3771 	14 
0.74344658 	1.39512031 	0.18673891 	0.18466696 	0.14752656 	0.02086898 	0.03140449 	0.69921937 	0.44452564 	0.98828948 	2.70792557 	1.60882647 	0.27785908 	0.65352646 	0.19832365 	0.15340637 	0.87078716 	0.04996279 	0.3648 	15 
1.03776180 	1.27637682 	0.09207171 	0.06811475 	0.43164742 	0.17469161 	0.48205208 	0.97963458 	0.30907564 	0.99686800 	2.82034861 	1.45105991 	0.41114725 	0.53433909 	0.49819950 	0.09713986 	0.99179165 	0.18164060 	0.3528 	16 
0.90840522 	1.52582519 	0.01238924 	0.24261540 	0.55567772 	0.03782493 	0.46421418 	0.94069014 	0.26025834 	0.98364169 	2.72769827 	1.55239405 	0.38913584 	0.47619709 	0.49439971 	0.10340476 	0.86254208 	0.22675805 	0.3413 	17 
1.05361828 	1.47252838 	0.06039667 	0.17471632 	0.70368501 	0.23338638 	0.78040142 	0.89899908 	0.35227090 	0.99153956 	2.57795732 	1.60306193 	0.28126472 	0.82222203 	0.24573446 	0.07781281 	0.73009317 	0.23642216 	0.3302 	18 
1.10323300 	1.30026530 	0.14517584 	0.05356255 	0.91142428 	0.35902225 	0.67026725 	0.96685531 	0.36922998 	0.99888012 	2.62584275 	1.71634843 	0.21531166 	0.82771065 	0.08784023 	0.06334228 	0.79323126 	0.40213220 	0.3194 	19 
1.14389594 	1.23525682 	0.18535270 	0.09643708 	0.76679295 	0.44492866 	0.59875286 	0.94274399 	0.58240760 	0.99611557 	2.48163335 	1.96759018 	0.54586656 	0.78092280 	0.09557062 	0.06145898 	0.75470240 	0.31820285 	0.3090 	20 
1.06832844 	1.29971488 	0.10134526 	0.07560513 	0.82867047 	0.44695401 	0.69443407 	0.91658505 	0.56114566 	0.99832160 	2.47678670 	1.99319698 	0.32183490 	0.91892517 	0.18941709 	0.05513997 	0.77332023 	0.31123674 	0.2989 	21 
0.90288476 	1.33241275 	0.12833229 	0.06450145 	0.47395783 	0.44957278 	0.86088980 	0.76810985 	0.71679208 	0.99641979 	2.52150121 	1.65834405 	0.34073251 	0.70761634 	0.05334451 	0.07246669 	0.57831426 	0.23257863 	0.2892 	22 
