param#0 	 param#1 	 param#2 	 param#3 	 param#4 	 param#5 	 param#6 	 param#7 	 param#8 	 param#9 	 param#10 	 param#11 	 param#12 	 param#13 	 param#14 	 param#15 	 param#16 	 param#17 	 dist 	It 
0.24926085 	3.22674556 	1.80745487 	0.15560348 	0.26788484 	1.88664830 	0.28597149 	0.56466577 	0.43968751 	0.97287612 	1.48433411 	2.05750160 	0.72410854 	0.19999801 	0.85661809 	0.01944386 	0.12524350 	0.08000414 	0.6000 	0 
0.26405521 	3.51108625 	1.46912661 	0.49658049 	0.07802860 	1.59726690 	0.77402920 	0.73297201 	0.61162562 	0.95452435 	1.51360626 	1.39908437 	0.28968184 	0.24026447 	0.96100764 	0.00134737 	0.30867328 	0.35534717 	0.5804 	1 
0.45646310 	3.54925855 	1.21220193 	0.67654871 	0.17333562 	1.87904068 	0.57842723 	0.71194379 	0.66316215 	0.87824880 	1.88475186 	1.69070631 	0.26084355 	0.09497849 	0.48390845 	0.00126084 	0.12970831 	0.13218876 	0.5615 	2 
0.19336257 	3.45746727 	0.96207234 	0.27811251 	0.33022805 	1.61289164 	0.62222386 	0.87793297 	0.02901737 	0.85851375 	2.37672980 	1.32830453 	0.18961429 	0.54909279 	0.22713298 	0.00025101 	0.58744497 	0.05736960 	0.5432 	3 
0.30077513 	3.39685111 	0.96584189 	0.10678701 	0.37539159 	1.82944434 	0.59742631 	0.97998369 	0.14475053 	0.96133118 	3.02965544 	1.42458303 	0.36441042 	0.56139133 	0.67501510 	0.00010851 	0.43400467 	0.07387430 	0.5254 	4 
0.45857185 	3.61727385 	0.22520710 	0.08946780 	0.79853158 	2.37168886 	0.46699794 	0.61698592 	0.42673074 	0.95864567 	2.28023490 	1.06390194 	0.67079577 	0.21941391 	0.72126121 	0.00009065 	0.21840424 	0.99911317 	0.5083 	5 
0.80920714 	3.37476830 	0.03568681 	0.13092824 	0.37915298 	2.42620336 	0.36085448 	0.59647937 	0.16616377 	0.96038559 	1.97411854 	0.91118137 	0.75921765 	0.37093315 	0.46206448 	0.00008374 	0.09321249 	0.91160043 	0.4917 	6 
0.63062191 	3.40418989 	0.33987377 	0.18057370 	0.33949319 	2.61026024 	0.45500030 	0.53454219 	0.41319897 	0.92244472 	1.84249407 	1.06114613 	0.68158701 	0.35333458 	0.61842217 	0.00002113 	0.04630658 	0.58808268 	0.4756 	7 
0.34767459 	3.22101508 	0.15176845 	0.08534565 	0.12224811 	2.56822082 	0.77071556 	0.57298878 	0.65273376 	0.96598218 	2.19434038 	0.78477107 	0.97804357 	0.69110235 	0.32337837 	0.00021462 	0.12669606 	0.30480381 	0.4601 	8 
0.59584179 	3.22928890 	0.16267922 	0.06723417 	0.02349203 	2.44407138 	0.73806640 	0.53171947 	0.58059733 	0.92341699 	2.14797946 	1.08357059 	0.81893800 	0.90860048 	0.57237118 	0.00934660 	0.33182075 	0.11410554 	0.4451 	9 
0.52575217 	3.22852423 	0.31709973 	0.25736887 	0.41605135 	2.42736036 	0.70512991 	0.79999603 	0.59527129 	0.73567761 	2.37510418 	1.06082254 	0.92535750 	0.74098074 	0.76269645 	0.00666146 	0.51642630 	0.45008339 	0.4306 	10 
0.03740979 	3.27014782 	0.46031216 	0.54359461 	0.01171302 	2.58884882 	0.70743273 	0.49337089 	0.65062220 	0.99644344 	2.41614181 	1.00394792 	0.92750382 	0.83956334 	0.99035851 	0.00354877 	0.72823379 	0.75839700 	0.4165 	11 
0.27774250 	3.67409717 	0.41028536 	0.53379698 	0.11943418 	2.48889563 	0.62793092 	0.45834161 	0.68702717 	0.81533803 	2.66185313 	1.09016867 	0.91155579 	0.81437023 	0.94748168 	0.00370518 	0.51547769 	0.80053688 	0.4029 	12 
0.22153668 	3.43224886 	0.43597869 	0.77328279 	0.17165807 	2.57252239 	0.75331776 	0.91000765 	0.41525537 	0.82370830 	2.66579849 	0.82000016 	0.77080181 	0.77565864 	0.98106871 	0.00367526 	0.11713572 	0.80900296 	0.3898 	13 
0.33712121 	3.44254688 	0.46540404 	0.86887822 	0.13286044 	2.65814266 	0.76369050 	0.68059300 	0.38559079 	0.88141786 	2.92894921 	0.71952553 	0.90703445 	0.74369415 	0.87493421 	0.00329382 	0.64628898 	0.55501527 	0.3771 	14 
0.70285757 	3.44358106 	0.46198543 	0.73834445 	0.15623638 	2.71314008 	0.88837803 	0.69120445 	0.66464043 	0.82229054 	2.67151584 	1.05265869 	0.69564486 	0.96113704 	0.82873810 	0.00360380 	0.79940706 	0.42853932 	0.3648 	15 
0.72663250 	3.58765801 	0.59865165 	0.82215478 	0.00069476 	2.71880465 	0.96207506 	0.99487616 	0.43900083 	0.75291359 	2.65300498 	1.01659761 	0.78873167 	0.76448272 	0.63468636 	0.00329832 	0.95578404 	0.09984371 	0.3528 	16 
0.64079542 	3.68301476 	0.29185588 	0.77229173 	0.09709966 	2.55698932 	0.89457778 	0.96637982 	0.40886270 	0.66327012 	2.55664341 	1.06305112 	0.58661959 	0.87629455 	0.53147199 	0.00268997 	0.96368473 	0.00029151 	0.3413 	17 
0.36981930 	3.65797771 	0.51312160 	0.87355666 	0.11288462 	2.48889973 	0.85930798 	0.77284745 	0.46157295 	0.79255862 	2.61326061 	0.91231206 	0.73488074 	0.61856030 	0.83468977 	0.00255261 	0.78558196 	0.03058576 	0.3302 	18 
0.57148072 	3.62777525 	0.50901891 	0.81771444 	0.25461912 	2.23148212 	0.89100030 	0.77421343 	0.54874638 	0.94261626 	2.76152923 	0.82142083 	0.69357727 	0.59528337 	0.86142386 	0.00167428 	0.84772591 	0.03509684 	0.3194 	19 
0.39710696 	3.52423281 	0.36022038 	0.70703888 	0.37402073 	2.53733847 	0.78645431 	0.79766748 	0.45915623 	0.80387215 	2.92466983 	0.69896378 	0.63357181 	0.67779073 	0.80414584 	0.00234806 	0.66190320 	0.22635711 	0.3090 	20 
0.21806361 	3.58925042 	0.44572413 	0.66602148 	0.29993338 	2.46438125 	0.66164799 	0.97081712 	0.49571273 	0.88976466 	3.11372358 	0.80204458 	0.62787014 	0.72396875 	0.84755230 	0.00282759 	0.70184731 	0.14857243 	0.2989 	21 
0.15533046 	3.64174426 	0.45774068 	0.76160959 	0.31175748 	2.26437510 	0.81527404 	0.79859290 	0.39604486 	0.84751036 	3.13184426 	0.93855861 	0.86353816 	0.75746905 	0.89669027 	0.00305191 	0.74956486 	0.09216476 	0.2892 	22 
0.09595030 	3.53850378 	0.50456769 	0.87828849 	0.38221261 	2.24787766 	0.95698093 	0.76128677 	0.40496510 	0.88624409 	3.09036600 	1.05249978 	0.98622290 	0.84698139 	0.96203466 	0.00364848 	0.95010088 	0.20914586 	0.2797 	23 
0.21952142 	3.56911988 	0.53464950 	0.86428432 	0.19019329 	2.27069774 	0.95562109 	0.84259280 	0.27722111 	0.91635966 	3.02814630 	0.95727762 	0.98559451 	0.98008225 	0.89239219 	0.00332056 	0.90337512 	0.13764286 	0.2706 	24 
0.19134490 	3.61381646 	0.85028791 	0.97405973 	0.04891751 	2.40066464 	0.92603432 	0.71465470 	0.23162469 	0.89499692 	2.93170034 	1.00415535 	0.81034978 	0.90187811 	0.97317037 	0.00271302 	0.77796836 	0.23713067 	0.2618 	25 
0.09550881 	3.83556635 	0.78884066 	0.95680214 	0.26356639 	2.48603289 	0.66181976 	0.71571221 	0.34469910 	0.86141745 	2.78209280 	1.15621158 	0.50610748 	0.80662886 	0.87838535 	0.00209738 	0.67624335 	0.25251429 	0.2532 	26 
0.28930310 	3.70362549 	0.99442569 	0.91926627 	0.05209331 	2.48974699 	0.72483051 	0.69801574 	0.49520302 	0.88257727 	2.60191397 	1.36124981 	0.54845195 	0.98110261 	0.85940379 	0.00220406 	0.78382584 	0.16897771 	0.2449 	27 
0.43785262 	3.86011885 	1.16268582 	0.65220385 	0.14308389 	2.55904674 	0.70720832 	0.70670264 	0.63002938 	0.89791242 	2.76426837 	1.34571407 	0.29512299 	0.72892619 	0.67670514 	0.00381483 	0.70039345 	0.26432035 	0.2370 	28 
0.50221390 	3.80512068 	0.94639571 	0.39436574 	0.29469391 	2.47364116 	0.89362038 	0.60426256 	0.45050554 	0.91236540 	2.95195845 	1.23684892 	0.33688003 	0.80720915 	0.69302925 	0.00279127 	0.68894756 	0.38848521 	0.2292 	29 
0.52015866 	3.67689181 	0.90583124 	0.53406052 	0.19668333 	2.31646415 	0.98996337 	0.45319287 	0.64552918 	0.85974239 	3.22651700 	1.45538950 	0.45825417 	0.56501457 	0.57146999 	0.00251797 	0.59649549 	0.36188643 	0.2217 	30 
0.42981359 	3.68621060 	0.81466795 	0.64121210 	0.18966706 	2.49429868 	0.85147999 	0.19006394 	0.45449660 	0.89254328 	3.11424118 	1.49758627 	0.46735521 	0.63389139 	0.75770998 	0.00339901 	0.67685763 	0.56594685 	0.2145 	31 
0.26835231 	3.57643275 	0.94332700 	0.74514702 	0.06190456 	2.36134880 	0.79914475 	0.23543555 	0.16865697 	0.90408744 	3.10157686 	1.37545799 	0.64366882 	0.57074240 	0.61715043 	0.00330568 	0.76171213 	0.57492266 	0.2075 	32 
0.18641336 	3.69128313 	0.96347143 	0.81001203 	0.06778809 	2.36302635 	0.83621613 	0.24444597 	0.03389615 	0.86426678 	3.07405949 	1.49891099 	0.80561901 	0.82997106 	0.70704544 	0.00348152 	0.77579846 	0.66191042 	0.2007 	33 
0.11310560 	3.78855401 	0.74434088 	0.89991925 	0.07295227 	2.43337640 	0.79440965 	0.36193311 	0.01807122 	0.87062668 	2.96641502 	1.51090749 	0.81447818 	0.71957955 	0.71735156 	0.00398127 	0.81539526 	0.65732956 	0.1942 	34 
