param#0 	 param#1 	 param#2 	 param#3 	 param#4 	 param#5 	 param#6 	 param#7 	 param#8 	 param#9 	 param#10 	 param#11 	 param#12 	 param#13 	 param#14 	 param#15 	 param#16 	 param#17 	 dist 	It 
0.83978530 	1.26733511 	0.42091007 	0.38708576 	0.26525217 	-1.93858552 	0.41194429 	0.78172081 	0.74462249 	0.46148926 	-2.08694152 	2.11287128 	0.55567890 	0.04114873 	0.28584093 	0.02470348 	0.15843529 	0.31090957 	0.6000 	0 
0.49812564 	1.74621711 	0.46955837 	0.38663821 	0.35479281 	-1.86746969 	0.45397642 	0.39475946 	0.73533425 	0.50639288 	-1.13655046 	2.36321487 	0.99828851 	0.37225043 	0.02571929 	0.05380438 	0.75862448 	0.25746199 	0.5804 	1 
0.75285289 	1.84150955 	0.35249281 	0.56576930 	0.29412309 	-2.06344138 	0.01780244 	0.81402438 	0.33934365 	0.40706073 	-1.75358737 	2.65857005 	0.95413121 	0.57009167 	0.26674447 	0.01534098 	0.74516229 	0.52870075 	0.5615 	2 
0.94425481 	1.34461507 	0.60919432 	0.04896840 	0.27822445 	-1.70715758 	0.75750804 	0.06395261 	0.96653140 	0.73891562 	-1.41680585 	2.75446127 	0.64489685 	0.72581429 	0.57098439 	0.04136204 	0.12233129 	0.56135580 	0.5432 	3 
0.91659255 	1.55692135 	0.22641752 	0.18468647 	0.18182034 	-1.52051719 	0.47536173 	0.41253872 	0.71312796 	0.31689740 	-1.46178460 	2.71570319 	0.49802648 	0.66428850 	0.66560899 	0.03301611 	0.10534711 	0.71872171 	0.5254 	4 
1.00964286 	2.29027388 	0.26863575 	0.17518242 	0.21397506 	-1.81007389 	0.92962249 	0.34055053 	0.40516114 	0.22214218 	-1.61732563 	2.66550357 	0.05728761 	0.78411846 	0.66091757 	0.01000322 	0.45662017 	0.32608187 	0.5083 	5 
1.32421393 	1.98212422 	0.17579380 	0.03879308 	0.22864400 	-1.79832352 	0.92346478 	0.42498768 	0.42654584 	0.15719617 	-1.72377543 	2.15519022 	0.36554007 	0.35239323 	0.70146430 	0.00692143 	0.45716954 	0.85835709 	0.4917 	6 
1.13738348 	2.08890591 	0.12280486 	0.22423120 	0.52734240 	-1.41661452 	0.78641361 	0.57794984 	0.09031407 	0.35226894 	-1.31919037 	2.51196316 	0.68546309 	0.64205127 	0.55618986 	0.00331942 	0.26608717 	0.84752397 	0.4756 	7 
1.05261447 	2.36728787 	0.12975632 	0.62782310 	0.35113529 	-1.67607631 	0.74466463 	0.46566780 	0.22984931 	0.19249737 	-1.79575677 	2.70851545 	0.98592108 	0.79511907 	0.46626183 	0.00643845 	0.46258130 	0.54772855 	0.4601 	8 
1.18789316 	2.25516264 	0.19210779 	0.36645087 	0.87376915 	-1.57329685 	0.73507724 	0.61116291 	0.22689535 	0.10235664 	-1.87775857 	2.58136866 	0.88501303 	0.85615175 	0.23496732 	0.00690967 	0.32054132 	0.78026111 	0.4451 	9 
1.09337396 	1.64363750 	0.24293852 	0.47426373 	0.64272533 	-1.48695202 	0.64091310 	0.78915316 	0.60773177 	0.29704844 	-1.75366882 	2.74840252 	0.74422940 	0.59613284 	0.10034833 	0.00555705 	0.51326780 	0.63617628 	0.4306 	10 
1.37121593 	1.33568629 	0.32746942 	0.39498475 	0.60705997 	-1.48562779 	0.35265672 	0.90249767 	0.80148152 	0.30035831 	-1.40914026 	2.15041045 	0.36991067 	0.37631214 	0.26715357 	0.00588494 	0.18285527 	0.65274650 	0.4165 	11 
1.46003781 	1.45394497 	0.42171660 	0.11630009 	0.50117711 	-1.57286282 	0.27653708 	0.54937558 	0.57788154 	0.07508101 	-1.10798560 	1.92774970 	0.41445812 	0.16874149 	0.39986351 	0.00575677 	0.21867395 	0.77036500 	0.4029 	12 
1.50395767 	1.17948898 	0.68161799 	0.00140895 	0.49201928 	-1.35278346 	0.67987829 	0.52071872 	0.48917293 	0.39022417 	-0.87426642 	2.19931156 	0.40636671 	0.21116711 	0.43441413 	0.00596097 	0.36273228 	0.87790975 	0.3898 	13 
1.63253168 	1.65663155 	0.35810963 	0.12700665 	0.30204484 	-1.10577843 	0.49684036 	0.74458706 	0.33002497 	0.35348357 	-1.01747447 	2.44298593 	0.54665838 	0.19312312 	0.42792999 	0.00473583 	0.49978864 	0.91502811 	0.3771 	14 
1.40478700 	1.74043745 	0.79676608 	0.11083103 	0.07701700 	-0.88066034 	0.79371225 	0.49577776 	0.45926209 	0.37118150 	-1.07762001 	2.73172125 	0.49437886 	0.27358796 	0.67990227 	0.00506596 	0.35414077 	0.87990497 	0.3648 	15 
1.39299958 	1.48059305 	0.72152586 	0.20873997 	0.27969981 	-0.79376036 	0.88715771 	0.43464359 	0.51152207 	0.47939689 	-1.04294923 	2.45224967 	0.54336409 	0.30765701 	0.94420707 	0.00593794 	0.43557442 	0.85679601 	0.3528 	16 
1.57338126 	1.45302915 	0.70077490 	0.36838688 	0.32960188 	-0.85593537 	0.65854940 	0.65051838 	0.39256661 	0.71912198 	-1.05676348 	2.24383892 	0.82409270 	0.33065196 	0.94366926 	0.00319077 	0.38954217 	0.94904186 	0.3413 	17 
1.49053643 	1.38260458 	0.22452533 	0.78514310 	0.66072785 	-0.37075085 	0.74169579 	0.77422534 	0.44372763 	0.81246676 	-1.48816409 	2.96205398 	0.83646065 	0.31545968 	0.68382043 	0.00587709 	0.51575320 	0.93062173 	0.3302 	18 
1.14851717 	1.28741155 	0.49663610 	0.44279233 	0.47524889 	-0.46735237 	0.79946006 	0.31358019 	0.41625277 	0.82486529 	-1.30854904 	2.78546740 	0.61627965 	0.29798977 	0.96918857 	0.00790638 	0.64329839 	0.76899947 	0.3194 	19 
1.03826293 	1.54905985 	0.29164097 	0.90541357 	0.34327448 	-0.77539213 	0.66385485 	0.25709643 	0.75687583 	0.73427941 	-1.21102118 	2.47264303 	0.70747324 	0.44126314 	0.76177796 	0.00913656 	0.35934981 	0.72166663 	0.3090 	20 
1.21695104 	1.40669950 	0.12794790 	0.93926847 	0.58539168 	-0.75884997 	0.60185320 	0.48458901 	0.58978294 	0.68627038 	-1.09257672 	2.42484058 	0.99033191 	0.82375082 	0.65462628 	0.00475051 	0.09849173 	0.75301867 	0.2989 	21 
0.94027460 	1.33979445 	0.01618678 	0.49488165 	0.10682817 	-0.85091049 	0.55273907 	0.49901673 	0.44099399 	0.82886656 	-1.03387812 	2.56445730 	0.83590487 	0.54592674 	0.65181702 	0.00668169 	0.27553233 	0.78907443 	0.2892 	22 
