param#0 	 param#1 	 param#2 	 param#3 	 param#4 	 param#5 	 param#6 	 param#7 	 param#8 	 param#9 	 param#10 	 param#11 	 param#12 	 param#13 	 param#14 	 param#15 	 param#16 	 param#17 	 dist 	It 
1.47202581 	0.43552759 	0.52230022 	0.93961279 	0.55424321 	-0.93812005 	0.87005626 	0.85144345 	0.47337967 	0.90858073 	-0.73420787 	0.99805453 	0.56240307 	0.49187198 	0.37922364 	0.00492726 	0.32738398 	0.48571925 	0.6000 	0 
0.92579276 	0.78393074 	0.10790147 	0.92474291 	0.93397404 	-1.41757648 	0.54907578 	0.82929867 	0.50651278 	0.99195283 	0.30784475 	1.27854994 	0.91337277 	0.24714194 	0.09876987 	0.00342685 	0.16792082 	0.05935799 	0.5804 	1 
1.50531539 	1.21804486 	0.62741542 	0.93121413 	0.42815973 	-1.41785157 	0.48613505 	0.74733316 	0.27133884 	0.90710169 	-0.06361311 	1.98281924 	0.40338249 	0.68732492 	0.52751936 	0.00061578 	0.43089556 	0.09080439 	0.5615 	2 
1.36730776 	1.54177561 	0.55681288 	0.71271740 	0.20441396 	-1.73483194 	0.28576734 	0.92651197 	0.04954930 	0.95525290 	-0.58444110 	2.26942787 	0.47254010 	0.73626893 	0.63671323 	0.00155683 	0.46054849 	0.39473221 	0.5432 	3 
1.75071441 	1.72109689 	0.23550059 	0.51389843 	0.95610232 	-1.75319432 	0.15848804 	0.84755457 	0.91765142 	0.96738013 	0.05005131 	2.27713691 	0.35027112 	0.13373135 	0.43361601 	0.00093852 	0.48163509 	0.48971613 	0.5254 	4 
1.97888566 	2.00885077 	0.47403030 	0.71304874 	0.50510687 	-2.03012753 	0.24783636 	0.67622121 	0.94490467 	0.94056293 	0.22961547 	2.32066277 	0.27739555 	0.03109247 	0.64106137 	0.00147794 	0.43536879 	0.48230831 	0.5083 	5 
1.84286851 	1.69057636 	0.26607783 	0.95200913 	0.64582596 	-2.22751192 	0.28716465 	0.15129018 	0.90233882 	0.93954688 	-0.16781916 	2.25172157 	0.21480517 	0.01962293 	0.65166428 	0.00091052 	0.48379178 	0.83867050 	0.4917 	6 
2.00799818 	1.93194527 	0.55706059 	0.48054940 	0.42519412 	-2.43746130 	0.48514626 	0.34919013 	0.79419875 	0.94712290 	-0.43288475 	2.42278153 	0.03146787 	0.32914053 	0.28429165 	0.00108207 	0.83159112 	0.27853402 	0.4756 	7 
1.79932512 	2.07440733 	0.90580140 	0.76348191 	0.16412323 	-2.24020889 	0.36777778 	0.68834063 	0.95654381 	0.98148560 	-0.30933992 	2.28080670 	0.09654283 	0.05903002 	0.54832342 	0.00027666 	0.55938864 	0.23176776 	0.4601 	8 
1.43295275 	2.13395068 	0.51194130 	0.68125739 	0.22863793 	-2.50386247 	0.52147019 	0.58892904 	0.73211443 	0.89511609 	0.24857898 	2.23622829 	0.01653003 	0.33435740 	0.50831110 	0.00029897 	0.43700621 	0.27149492 	0.4451 	9 
1.57368860 	2.15566006 	0.71550182 	0.74369384 	0.05614477 	-2.78754456 	0.54356302 	0.58779799 	0.98680334 	0.93528755 	0.44035595 	2.16826431 	0.06538573 	0.16514205 	0.53575927 	0.00044686 	0.02663394 	0.37458426 	0.4306 	10 
1.33285634 	2.51872696 	0.37535637 	0.73867944 	0.06080857 	-2.55793576 	0.56347340 	0.34976995 	0.82940843 	0.97160367 	0.09824255 	2.15860404 	0.29592833 	0.20458237 	0.10230175 	0.00052863 	0.24890489 	0.17370699 	0.4165 	11 
1.44626389 	2.37773613 	0.50097121 	0.73235120 	0.02616390 	-2.03043913 	0.42160950 	0.15472293 	0.91933067 	0.98007331 	0.16075033 	2.41602181 	0.33122921 	0.54384345 	0.16456689 	0.00020288 	0.12549662 	0.51671960 	0.4029 	12 
1.59744718 	2.40168228 	0.28539423 	0.76364122 	0.08765173 	-2.22347212 	0.45343774 	0.02780832 	0.55257545 	0.93937794 	-0.19593790 	2.65184484 	0.31906575 	0.49472670 	0.26244807 	0.00024813 	0.13087121 	0.24827898 	0.3898 	13 
1.72311410 	2.35226032 	0.13551506 	0.76862490 	0.19353036 	-2.31485299 	0.39607187 	0.31431737 	0.67267381 	0.92899986 	-0.30019982 	2.65934886 	0.18246834 	0.52781063 	0.09971730 	0.00016529 	0.14071669 	0.01975869 	0.3771 	14 
1.92880345 	2.88977307 	0.58585405 	0.82097361 	0.20775870 	-2.59545174 	0.21383214 	0.09001704 	0.83507491 	0.95383390 	-0.41802204 	2.90977710 	0.06714656 	0.40336958 	0.41498739 	0.00070427 	0.15508854 	0.16584842 	0.3648 	15 
2.01627002 	2.94531562 	0.76841040 	0.73461465 	0.11872965 	-2.77527176 	0.26056790 	0.03489962 	0.98998678 	0.89299913 	-0.48677481 	2.91661159 	0.16408958 	0.46024213 	0.40351962 	0.00084708 	0.39756070 	0.21007228 	0.3528 	16 
1.93769075 	3.07208803 	0.77379671 	0.86055674 	0.10018440 	-2.83722125 	0.24893827 	0.11879451 	0.85654589 	0.93318266 	-0.59346475 	2.99505027 	0.07275285 	0.14370560 	0.49750672 	0.00156009 	0.33571906 	0.36982517 	0.3413 	17 
2.17978632 	2.90157963 	0.67407597 	0.75931807 	0.23571706 	-2.80667337 	0.26280164 	0.01137142 	0.75822487 	0.93937491 	-0.60436567 	3.05149905 	0.18423944 	0.34736395 	0.45331131 	0.00079262 	0.28623855 	0.19386394 	0.3302 	18 
2.15514586 	2.75868775 	0.60821925 	0.72005620 	0.53272452 	-2.80806779 	0.09624668 	0.16287791 	0.98206054 	0.94364384 	-0.67799763 	2.91560381 	0.07297055 	0.44840817 	0.20975875 	0.00106282 	0.50435046 	0.24585347 	0.3194 	19 
2.30186990 	2.70627008 	0.49117212 	0.56678787 	0.49227171 	-2.76157139 	0.04277574 	0.25837219 	0.95765524 	0.89684897 	-0.78612102 	2.93310724 	0.22218886 	0.41694689 	0.31477801 	0.00104516 	0.68208782 	0.18273124 	0.3090 	20 
2.39448165 	2.72157662 	0.58244475 	0.63634583 	0.40091287 	-2.70151861 	0.12735539 	0.13250077 	0.96130209 	0.93289913 	-0.98233685 	3.08144167 	0.08502385 	0.32849958 	0.39429331 	0.00133285 	0.84510753 	0.15034086 	0.2989 	21 
2.46733623 	2.60490077 	0.71420556 	0.68634390 	0.41164822 	-2.74388560 	0.17467018 	0.07624726 	0.95687697 	0.91886803 	-0.98368715 	3.12695600 	0.14616043 	0.34251784 	0.31420099 	0.00118709 	0.78391172 	0.19096473 	0.2892 	22 
2.61622436 	2.65998348 	0.65065588 	0.82457705 	0.48226166 	-2.71256620 	0.13282485 	0.18312765 	0.97051333 	0.88967202 	-1.02640252 	3.19309170 	0.13459796 	0.33405821 	0.35348095 	0.00132871 	0.85246343 	0.35643752 	0.2797 	23 
2.56178423 	2.70487138 	0.62405196 	0.82820581 	0.44174044 	-2.76190535 	0.08501198 	0.26964520 	0.94805064 	0.92828735 	-1.09407508 	3.15990028 	0.18973682 	0.21466440 	0.34717418 	0.00125721 	0.84082131 	0.36706973 	0.2706 	24 
2.54627177 	2.72389897 	0.62596673 	0.80844709 	0.57043109 	-2.88614468 	0.06992579 	0.21125921 	0.95627091 	0.91966971 	-1.07133574 	3.11113065 	0.09870075 	0.19307321 	0.41084418 	0.00177164 	0.81273850 	0.28778102 	0.2618 	25 
2.50159689 	2.69372845 	0.60660670 	0.84178908 	0.51105167 	-2.87048133 	0.11501122 	0.16962338 	0.95364313 	0.92323223 	-1.15734942 	3.00990549 	0.12928425 	0.19394638 	0.32388546 	0.00178869 	0.81031680 	0.20187145 	0.2532 	26 
2.45884644 	2.73332826 	0.53212315 	0.83067805 	0.67554290 	-3.06320582 	0.18185208 	0.28561457 	0.94029351 	0.95325879 	-1.12607843 	3.14832131 	0.14208296 	0.21994135 	0.36109400 	0.00158335 	0.95263527 	0.34215158 	0.2449 	27 
2.48326973 	2.82493788 	0.60327167 	0.84222777 	0.60013376 	-3.13572683 	0.14931348 	0.27515835 	0.92682959 	0.91921613 	-1.10179683 	3.15936493 	0.19818640 	0.26825283 	0.41230003 	0.00122230 	0.91671765 	0.35275904 	0.2370 	28 
2.52461945 	2.82784951 	0.51126043 	0.76459575 	0.63380844 	-3.29085340 	0.17153471 	0.20251499 	0.94878428 	0.94092000 	-1.02893318 	3.23086153 	0.12540846 	0.32329546 	0.37094914 	0.00112193 	0.88428111 	0.40023822 	0.2292 	29 
2.52566804 	2.84830250 	0.45135613 	0.82302830 	0.68916607 	-3.33090732 	0.22392667 	0.13284999 	0.95379220 	0.94980503 	-1.06583274 	3.19902101 	0.18104097 	0.37569181 	0.38891290 	0.00127584 	0.91098687 	0.48018231 	0.2217 	30 
2.52429146 	2.83768939 	0.49323597 	0.76219427 	0.63376378 	-3.29132709 	0.17204961 	0.06348169 	0.91668362 	0.92205063 	-1.11789697 	3.09108659 	0.18655178 	0.44019720 	0.43506970 	0.00118708 	0.84672774 	0.50517462 	0.2145 	31 
2.44285872 	2.95071761 	0.50264222 	0.77335423 	0.66590846 	-3.29897838 	0.10689854 	0.08578071 	0.93356334 	0.92413516 	-1.09757938 	3.05726982 	0.17540868 	0.40912858 	0.36295814 	0.00129214 	0.84287526 	0.55503776 	0.2075 	32 
2.47641467 	2.92068305 	0.49405038 	0.77267652 	0.65701876 	-3.31723803 	0.09570614 	0.02633072 	0.91962794 	0.92102031 	-1.22284262 	3.03390241 	0.12337621 	0.36030581 	0.36360981 	0.00108076 	0.79112175 	0.48105888 	0.2007 	33 
2.42787381 	2.93105186 	0.52638762 	0.76965294 	0.55907482 	-3.24210285 	0.08278871 	0.07132848 	0.93637737 	0.92676738 	-1.26386490 	3.00141831 	0.11044048 	0.41434214 	0.37367732 	0.00106308 	0.83878991 	0.48139482 	0.1942 	34 
