param#0 	 param#1 	 param#2 	 param#3 	 param#4 	 param#5 	 param#6 	 param#7 	 param#8 	 param#9 	 param#10 	 param#11 	 param#12 	 param#13 	 param#14 	 param#15 	 param#16 	 param#17 	 dist 	It 
0.72135130 	0.02817018 	0.13832194 	0.49857849 	0.98500836 	1.63602287 	0.84449439 	0.84860409 	0.90239167 	0.72707383 	1.11570124 	0.46217577 	0.81554278 	0.86328163 	0.95993295 	0.09243169 	0.05055361 	0.89055591 	0.6000 	0 
1.05788038 	0.55118442 	0.22302701 	0.91732862 	0.55345513 	1.77952194 	0.13302757 	0.71490680 	0.61758639 	0.65481462 	0.68781109 	0.45778136 	0.28869260 	0.85419774 	0.68595297 	0.07120676 	0.34460619 	0.75692928 	0.5804 	1 
1.21116365 	0.62795196 	0.62325197 	0.81337286 	0.48567691 	1.61339597 	0.21348836 	0.32509429 	0.65465673 	0.04380623 	0.87566513 	0.88881799 	0.33656457 	0.47730641 	0.79573720 	0.07616754 	0.92112956 	0.25445087 	0.5615 	2 
0.99125301 	0.84308613 	1.14691738 	0.29458426 	0.29596704 	1.48188141 	0.00789396 	0.26432334 	0.55984479 	0.31047315 	0.97757837 	0.54210238 	0.77600276 	0.10101216 	0.53725532 	0.05050994 	0.21917583 	0.72035885 	0.5432 	3 
1.17602232 	0.95967586 	0.96485927 	0.14218392 	0.00688591 	1.74864908 	0.30876380 	0.86985916 	0.80336375 	0.21288795 	0.79348164 	1.32449982 	0.75534217 	0.71104414 	0.48494673 	0.04580811 	0.17776399 	0.49992011 	0.5254 	4 
1.19000830 	1.51556429 	1.21968107 	0.05626566 	0.05162070 	1.76745213 	0.25212943 	0.99397713 	0.42157408 	0.15958938 	1.10521903 	1.50967168 	0.49338480 	0.72023627 	0.38292256 	0.04850621 	0.02099201 	0.49014497 	0.5083 	5 
1.46837904 	0.98360159 	0.41051977 	0.42305350 	0.46530207 	1.63230642 	0.49850016 	0.41405024 	0.82198412 	0.50617139 	1.58248045 	1.47403564 	0.52397171 	0.61989353 	0.70813295 	0.08561972 	0.51989419 	0.64112013 	0.4917 	6 
1.12862954 	1.30234673 	0.05314523 	0.24602986 	0.83289030 	1.38280425 	0.14790465 	0.32640157 	0.83229802 	0.73754262 	1.60743240 	1.46340335 	0.59914485 	0.78094353 	0.93741136 	0.09201282 	0.88412381 	0.13201588 	0.4756 	7 
0.83331030 	1.32308940 	0.17645318 	0.81417126 	0.64220657 	1.02515216 	0.02814398 	0.34447611 	0.69950989 	0.33675181 	1.59946481 	1.56496533 	0.30438603 	0.23875898 	0.82113885 	0.04503722 	0.56680630 	0.41330144 	0.4601 	8 
0.65664885 	1.45982836 	0.39312896 	0.93580078 	0.80982746 	1.33131869 	0.19950940 	0.62330237 	0.81381410 	0.53178800 	2.09056613 	1.37053484 	0.34917721 	0.28960170 	0.48725667 	0.05222439 	0.39132289 	0.28300432 	0.4451 	9 
0.75442310 	1.50731102 	0.80277287 	0.80002695 	0.79569892 	1.58606456 	0.56088044 	0.12266298 	0.79110551 	0.61990979 	2.39337376 	1.14862483 	0.22476281 	0.37436167 	0.63426509 	0.08632416 	0.84648315 	0.39193261 	0.4306 	10 
0.83083169 	1.10742493 	0.91521321 	0.83792891 	0.82862557 	1.83441276 	0.85167408 	0.35808786 	0.44055383 	0.70797279 	2.19814441 	1.10248362 	0.47298897 	0.23316666 	0.63588363 	0.16661572 	0.72487889 	0.52252049 	0.4165 	11 
0.47351832 	1.10752656 	1.18451588 	0.84605891 	0.77312249 	1.71673129 	0.46899940 	0.36535523 	0.53511219 	0.63718062 	2.02202137 	1.28966031 	0.32867291 	0.17681479 	0.58881007 	0.21732911 	0.85501297 	0.83431857 	0.4029 	12 
0.55522250 	1.23668219 	1.48860233 	0.54594538 	0.97930573 	1.74685670 	0.28676616 	0.40662860 	0.70308327 	0.75104508 	1.69965226 	1.30828770 	0.33221701 	0.20775330 	0.54401681 	0.25850208 	0.95648802 	0.69689159 	0.3898 	13 
0.42562743 	1.48071208 	1.23002046 	0.60624853 	0.88794500 	1.77431431 	0.14676297 	0.29503961 	0.57160820 	0.90570247 	1.77536394 	1.03410737 	0.30267028 	0.16638622 	0.54464726 	0.16640223 	0.72949150 	0.91596741 	0.3771 	14 
0.44331342 	1.48116318 	1.24982555 	0.41075033 	0.86579159 	1.69321183 	0.18560625 	0.55453620 	0.36495717 	0.74387469 	1.71005105 	1.23829269 	0.25440219 	0.19906961 	0.61762556 	0.16753627 	0.62469154 	0.64728168 	0.3648 	15 
0.42429517 	1.55123327 	1.24019051 	0.50476980 	0.84221619 	1.44992181 	0.51237940 	0.33038272 	0.37653601 	0.69888386 	1.70039062 	1.01974791 	0.36559772 	0.24965881 	0.80534910 	0.18158609 	0.23003156 	0.64705511 	0.3528 	16 
0.45299062 	1.60815603 	1.36212743 	0.39445302 	0.56610263 	1.29726344 	0.64288607 	0.20840069 	0.31009217 	0.82907396 	1.88271826 	0.77595252 	0.02021232 	0.11112727 	0.92692434 	0.20309761 	0.01770171 	0.72785446 	0.3413 	17 
0.52055501 	1.56086389 	1.15775424 	0.36898967 	0.72647320 	0.90849229 	0.53303749 	0.34723302 	0.30034349 	0.90942476 	1.66422498 	0.32709810 	0.16591419 	0.08618338 	0.89983897 	0.24004192 	0.06902037 	0.82236589 	0.3302 	18 
0.64094038 	1.51351472 	1.02294601 	0.32599317 	0.68834355 	0.83121785 	0.60848475 	0.42365509 	0.30256748 	0.89617449 	1.66412707 	0.20301767 	0.19069172 	0.11212464 	0.96319408 	0.20188320 	0.06658833 	0.86846137 	0.3194 	19 
0.64611776 	1.47049328 	1.06734343 	0.44117129 	0.87189204 	0.67345869 	0.53835463 	0.40001055 	0.18833421 	0.96192990 	1.78402265 	0.17730507 	0.25716883 	0.07115405 	0.93650008 	0.18692466 	0.02050616 	0.72190356 	0.3090 	20 
0.52318164 	1.43932829 	0.95143629 	0.45957081 	0.86179078 	0.62408042 	0.56310828 	0.51249431 	0.25607630 	0.87416917 	1.81896912 	0.04529676 	0.46478560 	0.03795403 	0.98662721 	0.15827135 	0.14760977 	0.63164443 	0.2989 	21 
0.49268266 	1.41833276 	0.91967745 	0.26394283 	0.75528080 	0.63963585 	0.41141533 	0.40346016 	0.27095471 	0.97421907 	1.97528887 	0.13521662 	0.64143453 	0.02566657 	0.94950224 	0.16502274 	0.07759872 	0.81015534 	0.2892 	22 
0.54301751 	1.33078556 	1.03874642 	0.20770164 	0.68687896 	0.64337413 	0.46470423 	0.32502600 	0.20048451 	0.95557789 	1.96811282 	-0.04713302 	0.62211910 	0.21040777 	0.91833208 	0.12613036 	0.10463470 	0.79383209 	0.2797 	23 
0.43846172 	1.40181606 	1.12852324 	0.16506222 	0.73779784 	0.66695550 	0.53449660 	0.36329997 	0.14532615 	0.97514464 	1.93202523 	-0.10903846 	0.64395549 	0.35103102 	0.95211336 	0.17069284 	0.07228448 	0.97521316 	0.2706 	24 
0.40187824 	1.42026253 	1.17183492 	0.08439094 	0.69140400 	0.64790836 	0.53449412 	0.32202355 	0.24016901 	0.99998393 	2.07446295 	-0.05120292 	0.60174380 	0.24095096 	0.81088435 	0.17646836 	0.01386540 	0.89564573 	0.2618 	25 
0.20857861 	1.45429674 	1.28802493 	0.14638799 	0.70571233 	0.86106834 	0.34401419 	0.27138606 	0.25713699 	0.99866642 	2.20969103 	0.01242353 	0.69422997 	0.14604839 	0.64367419 	0.13359657 	0.05777257 	0.91492099 	0.2532 	26 
0.34778942 	1.46273069 	1.47975153 	0.16342089 	0.67741932 	0.58741333 	0.39766082 	0.06858298 	0.13200153 	0.99622915 	2.00719763 	0.10784197 	0.71915191 	0.34483654 	0.76874920 	0.25271856 	0.10634272 	0.75341346 	0.2449 	27 
0.10059548 	1.42434595 	0.97411401 	0.08671982 	0.70124245 	0.69200888 	0.47049022 	0.12337568 	0.33592973 	0.99624662 	1.98471188 	0.14015568 	0.92973760 	0.24161192 	0.73329784 	0.27515938 	0.07843407 	0.88393418 	0.2370 	28 
0.13101491 	1.64497799 	0.95927450 	0.10359420 	0.67873222 	0.72895884 	0.56568269 	0.05119614 	0.50451830 	0.99861530 	2.05233138 	0.35566478 	0.97081536 	0.33198714 	0.59309029 	0.20525042 	0.00442251 	0.90941609 	0.2292 	29 
0.06561223 	1.58564347 	1.07674455 	0.12094533 	0.61138351 	0.70890361 	0.45793028 	0.17203134 	0.46819157 	0.99982539 	2.05922530 	0.28616730 	0.92611308 	0.41614569 	0.47293635 	0.12251151 	0.06584484 	0.96699576 	0.2217 	30 
0.05344811 	1.63154374 	0.91174594 	0.14098403 	0.38020658 	0.67810658 	0.52096338 	0.36301443 	0.36871641 	0.99827888 	1.93243806 	0.28528536 	0.91818306 	0.31260180 	0.63863772 	0.10704530 	0.04921314 	0.95839316 	0.2145 	31 
0.05967023 	1.66070505 	0.73677931 	0.10301665 	0.22529344 	0.65666320 	0.71740162 	0.47032232 	0.44227645 	0.98592351 	1.82944344 	0.52317279 	0.76351384 	0.46679931 	0.52227207 	0.08961939 	0.05125895 	0.98334860 	0.2075 	32 
0.19404237 	1.64607265 	0.59885412 	0.09501856 	0.14197311 	0.69623272 	0.50773594 	0.52385331 	0.40705679 	0.99922003 	1.78450060 	0.54716284 	0.79033417 	0.44142566 	0.40236243 	0.07491038 	0.13012695 	0.78799878 	0.2007 	33 
0.09423791 	1.61026865 	0.76892212 	0.12746176 	0.08954673 	0.71687957 	0.67810706 	0.55092817 	0.41521132 	0.98658654 	1.73279058 	0.47033124 	0.77886646 	0.29728959 	0.37079071 	0.06156530 	0.14750921 	0.48454515 	0.1942 	34 
