param#0 	 param#1 	 param#2 	 param#3 	 param#4 	 param#5 	 param#6 	 param#7 	 param#8 	 param#9 	 param#10 	 param#11 	 param#12 	 param#13 	 param#14 	 param#15 	 param#16 	 param#17 	 dist 	It 
0.97506116 	1.02454856 	2.05776952 	0.69020599 	0.90888413 	0.52561649 	0.78418484 	0.86669102 	0.97532278 	0.66066423 	-0.70192343 	1.50921303 	0.59747691 	0.60424155 	0.16505488 	0.00045086 	0.59472911 	0.68407723 	0.6000 	0 
1.70335129 	2.15547540 	2.51073300 	0.21593175 	0.27525214 	0.25724317 	0.99342514 	0.29358509 	0.95725151 	0.84208491 	-0.52281627 	0.53141247 	0.19814722 	0.57008137 	0.21543447 	0.00029675 	0.99433281 	0.98647376 	0.5804 	1 
1.86140013 	2.25276989 	2.38166864 	0.63790145 	0.38985878 	0.60270395 	0.66827740 	0.88571781 	0.98395006 	0.45573130 	-0.30973705 	0.45978240 	0.85078354 	0.59937927 	0.39820570 	0.00058065 	0.99749756 	0.65120943 	0.5615 	2 
1.39039317 	2.25571822 	2.63674693 	0.52383316 	0.30485201 	0.89249309 	0.83945450 	0.16762985 	0.99607736 	0.44617542 	-0.56848825 	-0.16090834 	0.98585530 	0.84436683 	0.78553089 	0.00020229 	0.60203507 	0.88478582 	0.5432 	3 
1.30767866 	2.32960918 	3.06473144 	0.87850966 	0.31413503 	0.66789458 	0.43713506 	0.58404673 	0.99402182 	0.74499937 	-0.54719267 	-0.12336529 	0.56073281 	0.86020387 	0.18786416 	0.00011961 	0.66863483 	0.88837709 	0.5254 	4 
1.38796411 	1.80852090 	3.50139399 	0.86481067 	0.32846150 	0.49138276 	0.55320380 	0.60290973 	0.99908391 	0.67420499 	-0.70329115 	0.24670237 	0.75527642 	0.59352922 	0.46565396 	0.00008367 	0.76456804 	0.78154852 	0.5083 	5 
1.78362217 	2.28937837 	2.86840877 	0.27974921 	0.00471723 	0.32294720 	0.84382918 	0.93626341 	0.98561037 	0.63694084 	-0.65438275 	0.26343946 	0.65966249 	0.59711902 	0.33164123 	0.00029331 	0.93688545 	0.49362729 	0.4917 	6 
1.67275801 	2.45091876 	2.52363440 	0.37783256 	0.39300240 	0.56948790 	0.95920713 	0.92603837 	0.98393241 	0.91236133 	-0.70604724 	0.22896215 	0.97595873 	0.86457120 	0.14764643 	0.00012730 	0.89032400 	0.98746832 	0.4756 	7 
1.58955456 	1.82825297 	2.63637360 	0.24416005 	0.04973984 	0.77098482 	0.75297097 	0.37296732 	0.99719273 	0.61000090 	-0.93857049 	0.20867402 	0.70645141 	0.84820054 	0.28451433 	0.00017694 	0.85954995 	0.74333863 	0.4601 	8 
1.67036420 	1.30984908 	2.81441996 	0.04067991 	0.45425891 	0.72375540 	0.94131405 	0.26435504 	0.99032959 	0.67527307 	-0.78119178 	0.37770699 	0.80779863 	0.97829389 	0.36996153 	0.00017824 	0.86328889 	0.87386432 	0.4451 	9 
1.26326861 	1.63113798 	2.53813391 	0.40207863 	0.31447971 	0.88379884 	0.64933022 	0.97173800 	0.98782314 	0.70853572 	-0.85203964 	0.15735714 	0.91150504 	0.82711903 	0.25539163 	0.00032746 	0.78956458 	0.98388895 	0.4306 	10 
1.20592452 	1.42883839 	2.42057345 	0.22772270 	0.18492367 	1.03054921 	0.94434475 	0.99518085 	0.99385612 	0.55438460 	-0.98107817 	-0.18408413 	0.81233428 	0.71058633 	0.28780118 	0.00022875 	0.74869122 	0.94649913 	0.4165 	11 
1.35898795 	1.32934238 	2.60814290 	0.55736564 	0.32486462 	1.03070257 	0.97976700 	0.93397591 	0.99914070 	0.42085005 	-0.84158524 	-0.40578085 	0.64719632 	0.91664711 	0.38345431 	0.00023824 	0.56277067 	0.92346726 	0.4029 	12 
1.51748574 	0.96425286 	2.34847325 	0.46462496 	0.78351144 	1.19442998 	0.86046149 	0.91274669 	0.99783201 	0.59898563 	-0.99976819 	-0.31857142 	0.53454398 	0.88629137 	0.29655327 	0.00024331 	0.67229610 	0.92792805 	0.3898 	13 
1.39632942 	1.01126255 	2.21083929 	0.19672388 	0.81508355 	1.13562657 	0.68981274 	0.72870152 	0.99390423 	0.67223964 	-1.09574732 	-0.22828750 	0.51039647 	0.91075112 	0.30904678 	0.00017369 	0.73893092 	0.68510196 	0.3771 	14 
1.15646193 	1.07494324 	2.07419204 	0.32910423 	0.93604617 	0.84384681 	0.79232881 	0.82044744 	0.99867318 	0.57820445 	-0.77182165 	-0.35655781 	0.68638110 	0.99903055 	0.13563761 	0.00032015 	0.72062161 	0.73040705 	0.3648 	15 
1.08637678 	0.94609730 	1.97818324 	0.38645230 	0.62442970 	0.45141155 	0.60433925 	0.99946719 	0.99848339 	0.51151006 	-0.56727446 	-0.19910954 	0.46671535 	0.93473428 	0.16085724 	0.00042472 	0.90899158 	0.70892313 	0.3528 	16 
1.11945325 	0.77953467 	1.91096335 	0.31191409 	0.55359587 	0.07759396 	0.55295167 	0.97511975 	0.99960846 	0.65265012 	-0.48240419 	-0.27922519 	0.50751489 	0.95429302 	0.20581587 	0.00038909 	0.98879731 	0.72598590 	0.3413 	17 
1.16948216 	0.86646395 	1.91662262 	0.41033924 	0.40958047 	0.00593415 	0.63057924 	0.91780114 	0.99871318 	0.62753193 	-0.41030123 	-0.43409737 	0.67017154 	0.87323937 	0.61480909 	0.00062149 	0.95571425 	0.69338206 	0.3302 	18 
1.40109168 	0.83431578 	1.96328405 	0.51138987 	0.26605144 	0.27716624 	0.61753992 	0.78379157 	0.99895523 	0.64279106 	-0.66933663 	-0.34972266 	0.75533537 	0.92020852 	0.63211086 	0.00056162 	0.93781708 	0.82962988 	0.3194 	19 
1.29684178 	0.71269825 	1.96462546 	0.55578397 	0.45792137 	0.43099564 	0.74679077 	0.79418085 	0.99868610 	0.61726492 	-0.66175987 	-0.25738620 	0.66366774 	0.95464109 	0.63209481 	0.00061864 	0.90747239 	0.81780287 	0.3090 	20 
1.31478003 	0.65874423 	1.86097688 	0.54094552 	0.25820708 	0.39560307 	0.69712970 	0.80216175 	0.99993570 	0.62206738 	-0.64555251 	-0.23736184 	0.50579760 	0.96235954 	0.56511384 	0.00036373 	0.77441771 	0.83423288 	0.2989 	21 
1.39667145 	0.72820281 	1.77384023 	0.44235718 	0.12969035 	0.42240745 	0.52706175 	0.73069307 	0.99938176 	0.61338754 	-0.88653442 	-0.27520611 	0.48330885 	0.95664797 	0.39705133 	0.00052767 	0.86987121 	0.78728738 	0.2892 	22 
1.17296984 	0.72898192 	1.76033968 	0.49595808 	0.08216050 	0.37796125 	0.48172888 	0.72824784 	0.99857019 	0.57258946 	-0.80125103 	-0.39943020 	0.48484181 	0.86932026 	0.47736666 	0.00056274 	0.88058996 	0.53464344 	0.2797 	23 
1.20053267 	0.81357786 	1.66163440 	0.51543621 	0.00913386 	0.48785002 	0.56329543 	0.76448136 	0.99769435 	0.61771001 	-0.78786220 	-0.46931337 	0.41902147 	0.97929920 	0.53167742 	0.00047716 	0.98020672 	0.63117499 	0.2706 	24 
1.05406823 	0.65263430 	1.63898635 	0.55478858 	0.03235291 	0.68356719 	0.51520032 	0.81975760 	0.99976499 	0.59109997 	-0.70751916 	-0.38869161 	0.43121861 	0.91425374 	0.53802784 	0.00041919 	0.94044822 	0.68757573 	0.2618 	25 
1.07802729 	0.66593440 	1.70078279 	0.65548577 	0.09855421 	0.65156396 	0.59526233 	0.78352617 	0.99961098 	0.65038530 	-0.83674877 	-0.41626734 	0.49858190 	0.92451636 	0.55784513 	0.00047844 	0.94516163 	0.69129406 	0.2532 	26 
1.05072850 	0.70322082 	1.71378019 	0.62029645 	0.03408710 	0.63396825 	0.51214265 	0.81169904 	0.99901357 	0.68619938 	-0.89350446 	-0.39629114 	0.60613311 	0.94232253 	0.49014867 	0.00047533 	0.87465844 	0.78036827 	0.2449 	27 
0.99375810 	0.79488220 	1.72765961 	0.61708922 	0.09191830 	0.58083780 	0.56328763 	0.79932794 	0.99897986 	0.65101239 	-0.92520463 	-0.38429903 	0.50261515 	0.85103991 	0.57884700 	0.00043269 	0.93677871 	0.81539381 	0.2370 	28 
1.02800222 	0.81492325 	1.72318908 	0.69048018 	0.09655622 	0.58255116 	0.55280316 	0.72317284 	0.99951278 	0.72277970 	-0.90660452 	-0.43113251 	0.42976765 	0.87905538 	0.45774813 	0.00031825 	0.90049593 	0.84011794 	0.2292 	29 
1.01437172 	0.83695465 	1.86354045 	0.67071744 	0.04236131 	0.66295258 	0.53798284 	0.74581732 	0.99941198 	0.69677855 	-0.87794495 	-0.48145483 	0.51814517 	0.88427583 	0.45844076 	0.00029934 	0.96433240 	0.79561848 	0.2217 	30 
0.92385424 	0.81106221 	1.73818563 	0.69491290 	0.00910659 	0.65906641 	0.50721514 	0.70700009 	0.99819083 	0.73158337 	-0.85298299 	-0.43907583 	0.49997647 	0.90055401 	0.42775618 	0.00030243 	0.99247081 	0.87662682 	0.2145 	31 
0.97881587 	0.78565248 	1.82139353 	0.66402911 	0.03318083 	0.62632791 	0.38394997 	0.72405691 	0.99962873 	0.75418483 	-0.84326015 	-0.41160305 	0.54049774 	0.88779817 	0.43386566 	0.00027925 	0.97658244 	0.92724189 	0.2075 	32 
0.95843652 	0.77193041 	1.86036376 	0.61088719 	0.04762981 	0.62934418 	0.45698477 	0.72625449 	0.99917920 	0.69156832 	-0.86958883 	-0.34897384 	0.60309325 	0.94223057 	0.47048527 	0.00030623 	0.94996347 	0.91895496 	0.2007 	33 
0.83355034 	0.70129721 	1.82289121 	0.59279952 	0.05856490 	0.50893988 	0.52821413 	0.70691204 	0.99946684 	0.66850838 	-0.82753420 	-0.35562879 	0.58213660 	0.92053526 	0.37576202 	0.00032691 	0.90120112 	0.88931004 	0.1942 	34 
0.88731211 	0.74399041 	1.88798211 	0.60006969 	0.08762719 	0.42806095 	0.54701864 	0.71060416 	0.99990250 	0.60318900 	-0.78284846 	-0.32211481 	0.54091832 	0.92979261 	0.39200710 	0.00031245 	0.93441467 	0.88316307 	0.1878 	35 
0.89319993 	0.81541489 	1.92724906 	0.64677323 	0.08168590 	0.44590934 	0.50388112 	0.69623582 	0.99823586 	0.69863411 	-0.80057745 	-0.28447833 	0.51038563 	0.97573697 	0.44686890 	0.00034142 	0.89068110 	0.86959515 	0.1817 	36 
0.89630147 	0.89030255 	1.81847172 	0.69187618 	0.11767324 	0.50748914 	0.50164526 	0.70885944 	0.99952721 	0.74878358 	-0.80323987 	-0.25536986 	0.53720547 	0.93472115 	0.40728098 	0.00029602 	0.89086733 	0.84604093 	0.1758 	37 
0.79117118 	0.72779003 	1.89647382 	0.62013895 	0.04288732 	0.56250259 	0.59673300 	0.55033078 	0.99999957 	0.75736809 	-0.80293330 	-0.30499021 	0.41200857 	0.92660358 	0.34011835 	0.00024715 	0.83549284 	0.91771475 	0.1700 	38 
0.81198276 	0.62516610 	1.93746840 	0.69935214 	0.18639753 	0.59019333 	0.70954736 	0.49387953 	0.99932718 	0.80534296 	-0.87452321 	-0.32348917 	0.36411197 	0.80857195 	0.39910085 	0.00025413 	0.88057470 	0.90488900 	0.1645 	39 
0.79688806 	0.65871936 	1.94598681 	0.69594808 	0.27815047 	0.73811209 	0.55583360 	0.58253221 	0.99996715 	0.70087314 	-0.92805465 	-0.26387108 	0.42311855 	0.91058369 	0.30576921 	0.00019632 	0.93796314 	0.93733703 	0.1591 	40 
0.79467970 	0.73496770 	1.96959106 	0.61246037 	0.37417567 	0.71015270 	0.60033048 	0.56933766 	0.99828193 	0.76270549 	-0.87116926 	-0.25911282 	0.35811268 	0.94000518 	0.35444554 	0.00014572 	0.95868162 	0.78974407 	0.1539 	41 
0.80848536 	0.65049862 	1.86862770 	0.63650850 	0.50313511 	0.72008496 	0.59302499 	0.57252687 	0.99966032 	0.78977745 	-0.81030117 	-0.30351149 	0.44624171 	0.98006720 	0.34644449 	0.00017068 	0.94971346 	0.70202284 	0.1489 	42 
0.75617866 	0.67380937 	1.76462429 	0.69071479 	0.51949984 	0.82211393 	0.50434574 	0.66415497 	0.99932045 	0.65459895 	-0.72455457 	-0.36930293 	0.43690489 	0.96002483 	0.37981069 	0.00018822 	0.91015491 	0.72755273 	0.1440 	43 
0.87917177 	0.72085553 	1.91561154 	0.68336518 	0.45408764 	0.74096755 	0.57563089 	0.77271925 	0.99979857 	0.64580730 	-0.78549554 	-0.25061938 	0.55656971 	0.92364010 	0.40016582 	0.00019249 	0.99655960 	0.75990601 	0.1393 	44 
0.81174486 	0.76349233 	1.94596231 	0.69829469 	0.46782961 	0.69200254 	0.62634302 	0.85413941 	0.99840251 	0.65819175 	-0.74532972 	-0.20475352 	0.56582174 	0.91517167 	0.24176655 	0.00021507 	0.99242540 	0.66736092 	0.1348 	45 
